x1,x2
11.712556053912527,7.420132797058371
7.533224228647946,7.713939794429009
6.946777877977376,6.338718508678312
9.03603246450163,9.183918897008457
7.385639586380066,6.48047142500405
8.256297558308328,9.639083407236981
7.6408393536905175,7.410037079752227
7.517020658055207,8.94770147667948
11.32357720597495,7.6486021180243275
5.800012864735862,6.470323663162077
11.299841054466166,8.41518747610273
7.719130824701968,10.098487173120558
8.001260501172585,8.196304544149205
14.865813953744151,10.69874581353386
9.481184035673856,9.290882397606735
11.262127421856178,10.34277404248946
15.838451099278,4.155472210858844
11.541485635238084,8.389051494987505
10.762670015295148,6.146403378953691
8.860888738914705,9.374306375766507
10.208236502708129,4.52809669829934
12.77711635247164,9.271136340903425
8.059442443419892,6.334750120572095
12.914137475427882,8.794786242326268
8.347249647235168,6.716766578356179
9.607000786446623,12.131106638138474
10.359194518423816,10.293955289527805
6.23236475999879,11.553510819279813
11.928002067933122,6.220422091675685
7.645080011609155,8.61053973526081
13.729194776473634,3.997958869386956
12.544327437346398,7.900754112274369
6.951336838653882,3.1372037334157006
7.826279258776985,5.735442150833303
11.150453455290199,7.548094648919641
11.943403646612145,4.714280949665679
8.697449293608019,9.783088940587156
11.678849175839849,5.668402400792429
7.045771849132075,6.66603906230559
11.296286930200813,9.008565097128098
7.345117384553447,5.993304255501691
6.764234886678792,13.170626031159596
8.980964487373251,3.684676752613149
6.633743647806275,9.793891018988116
6.1624833514107875,4.894002009107656
5.846173803896697,9.453055096299915
7.199046236429687,4.054193266285297
7.075479313787465,11.159720803295743
7.173778753594105,12.918936333286384
6.206434433838631,8.803500385097177
11.827132096924199,11.662914732481434
10.941731342357391,5.441357513303299
6.411577155768909,9.829001092949607
11.309100966202623,12.840977244825785
8.605260966813402,6.08158492766266
9.657907128369779,10.315165208670821
7.352832051290396,4.616566101799428
12.328715273432017,5.329378507998134
7.804929227635267,7.424709763642869
10.79788629872252,10.510273529930998
12.101330708873851,6.54944941193058
6.019243653601123,10.591749600337456
7.4650136635301525,8.339060341503714
9.180634334649799,2.666564842799923
9.185338027248696,8.301914830371635
7.895655795759932,4.79745525652169
8.319347568306513,5.0108758338050405
7.05971001100274,5.501831644766202
9.0098414982949,10.136847120360555
6.905375641608041,5.251057587382922
5.977719764710569,10.333089872370618
7.007311114594554,4.714619252107032
10.066324933051682,6.67995238624308
8.503748063180408,6.718645300980639
5.865310582812555,6.266520868584994
6.129810002634433,5.065152170735596
5.834537138940574,8.321667166016308
9.524971583361166,7.718077896582688
6.567424702305328,9.123526279766038
8.375819679619003,10.494217777958598
8.109701752819195,4.355916995073025
6.415523790812441,8.091709335906279
10.995870663607668,3.814528930205978
11.965003882446174,7.812511437204355
14.182247597732353,3.6335483804384734
7.842345384523194,11.498537631586323
11.529684669280584,7.679250300940158
5.975460145134706,6.294193894884885
10.663561536048123,5.056157938892803
6.372517517582623,5.525085062574817
8.757734373621329,11.536275726876575
11.335378501060728,8.101678686714811
10.271425669200553,6.142296565468098
8.774065147092683,5.76566971753677
6.743416384661305,5.103644146914186
8.979019310766052,8.008303353275396
7.221777970872288,4.38148237060087
11.474602314770854,7.409570307746354
11.810728961589044,7.841754848415239
10.524570850084169,5.275674332990097
9.537436683844152,8.887183589765096
6.852812697282092,4.538073712119428
9.979694957989679,5.41261625664677
7.916613280456151,10.906713504405694
9.772431139723647,9.525428028455691
7.500375134785493,10.241632536393896
9.331212338097984,12.922799091351063
10.355793578356815,2.7333160537912473
9.008436351843859,12.659683065216194
12.873460869641683,8.104430593258567
11.987391382317725,7.862896904494014
9.010297542975977,6.907198023269734
8.6684200545213,12.697149383105694
9.792929305303725,4.606296483389653
9.314238860916964,7.9102904468181015
8.058377169713602,8.968704041153643
11.748647797647834,7.460383455166878
6.7788835008149215,12.807357298448421
7.161618774231759,6.855051996611915
8.23592685488152,6.022913456342209
9.17416357986917,13.768415338113485
9.751818440028128,9.34064811584365
7.3402853104929955,8.793438628892199
8.422080845126246,13.210616771091509
6.754956336738116,9.068120695959138
9.603000846350511,9.589072699999107
6.081609609230804,5.359254216442504
11.271820391954991,7.264847844819147
9.893595197714403,3.781571424912178
9.326136128687477,4.928865827874897
6.8501662881242265,13.117692190825355
11.836878028655656,7.5290656180076585
7.5016128962624435,9.358431885653253
6.404458236329775,8.532473842850195
6.03029646985939,8.509093075619878
9.653476910819375,6.317567247101687
11.592957872840454,8.669516124104838
6.8851125190684686,5.125865023176641
11.228472920139676,5.704671425113853
12.741476702594955,6.616325775349651
6.3806993985989955,10.43281431268221
8.857511468342164,5.7437773711236755
6.30554020500705,13.701645842671597
10.878250440376299,8.866490911789285
9.539520665106243,9.272855981038882
8.146334806463214,5.614166896114384
6.952464832244701,9.798828786771272
13.287486366546082,3.8459485278258425
11.692362854354382,7.374408009264633
11.422797348656395,6.192968770382449
6.770060812660732,5.4931132717767515
8.524907009395465,9.358705804888421
12.296443778965081,11.367033100849088
7.319366259777548,12.443185451568587
9.379564957829903,7.347433582243751
8.30100414054744,5.663774979998023
7.59240937603142,2.674793675587074
11.550560225439233,7.5227242833220815
6.644926966766611,8.836527624554488
6.738073854908603,6.226099163259206
12.024208808871727,8.604317501522809
5.939221526048559,5.971539949278646
6.231146830159745,5.881980364213139
11.760244454864157,8.153840058875351
6.144646604197082,4.137510341428514
7.842741354932759,6.553775706711361
11.021078197687695,8.102641550641847
8.314346721413916,7.302290341868612
9.12532818900749,3.4118653472173093
6.445178548174761,10.498770467429992
17.33342635440953,5.84427452825994
6.2681597758715055,5.88434404562035
15.88733916299319,7.222019124209069
11.661452728822121,7.852465533001746
9.275971771167333,3.464698393066256
9.997999926426106,5.513231073612061
5.96978605014306,6.0853021649940855
7.132048102900066,6.107668197888683
6.0915765465592475,6.883284096690973
7.2619990388837445,6.617721981002089
8.99395026780528,6.5103102996399524
9.94800051510924,9.158593504700763
6.481774847573235,10.621105036561378
7.894713949807857,5.155114052673793
7.014392507336288,4.827868211658161
7.746540955723373,8.38601707237793
14.15938204959024,12.659224917355482
8.417350304505032,6.421880385170665
8.186268576081146,6.488748198789524
8.128795741874432,8.85176642895444
7.973063575876826,4.148301949270261
8.917478787862409,8.830796084515994
8.689157845046553,3.5235350710303823
5.8330923742446075,6.579459615824772
9.90968737805215,5.913207131982829
5.876004262090136,9.63022785052528
9.09949082015222,4.180137441148763
7.467443041607377,9.140328155840683
10.515033802490263,9.799121050109836
7.317776562782065,2.854381439113991
13.577193400831705,6.533375520939698
10.833018335349916,8.216366891371642
14.783953773654769,7.960850583216514
8.806239935945765,4.933831946297864
6.332744254354535,13.354765483140623
11.644237749390284,8.262422436835985
10.376280682816914,7.357185720939565
16.27410955552047,9.532544906530113
6.091206393575859,10.82386057305628
11.428641105101747,8.24149740224045
8.601191434358386,7.219358865003
11.970855393902076,7.811754355177678
9.129704804078946,6.328792392896505
9.466570797117846,9.729145262879774
6.18454385374158,8.174122675109139
11.294634731622686,11.475803606253013
9.183335030113314,6.137718978666348
11.79280838551103,8.159395028366205
6.823390361477456,9.297895501596134
7.255970007961782,4.312468977344259
8.389979693009344,13.06787927636401
10.726412203576537,3.779288113164158
9.544796709673005,5.731308616290818
6.960939163538921,11.488070239475446
5.828701736616946,8.262246548221567
9.638982895857838,5.515790531592279
9.104784891746093,4.2349503613487
12.176728452177452,7.783776275409254
11.63262979874251,9.374298632076902
6.092981395438817,8.686964916779239
6.280034039833199,4.80538868202406
11.987268422191974,7.877992388581596
8.160923062923679,7.565413408601111
7.4937009081789485,8.286890536968416
8.59351665288065,6.111834455148643
6.18458795714466,10.204129506906229
9.250961560627232,3.721294157687178
8.04613661093494,4.567011217388025
7.572655496369041,8.274340975454967
11.856557649069629,6.952188360110591
6.268917870520967,8.276933509091805
6.855069270661048,11.303136686211817
6.9141844251448035,6.580045995531015
6.9782720715443185,9.342191029320164
11.81707987092976,8.018639320444693
8.272487830382973,8.458699042087929
8.872733460753464,6.83774120805821
6.532138792900158,6.291113834562173
11.400405353091871,8.154732082724527
11.552885684161724,8.321637678311761
6.472058643534653,12.305490862431292
11.793268169944849,7.8084248298500905
9.26417835242385,6.816680765846836
11.181013928293739,7.636202348791782
7.27724646478785,6.239541880088112
5.9766897857518995,6.448729913593723
11.770692123427974,7.220399376841513
9.767201853716227,3.6817382484978802
8.452397050618996,4.174132445838503
11.440196697723062,4.697217117949306
11.970941473870475,3.456487554132889
10.922436851730577,9.917611940367202
6.0890506834783515,7.097524827189237
6.464398596345035,9.32725461034009
6.490537353293976,6.167974166378738
8.09422669330498,8.791060982098747
14.373915515847793,8.588420421903011
7.556388817216112,9.842097814388685
13.845457901207789,3.7038267974592864
12.885908101701792,6.796349267928421
8.366552624805696,6.7277124448549275
13.395862676510134,7.43519638960276
8.132662713823718,7.750017790480394
7.595543317749657,5.929651779712835
10.868815499451772,7.629483620582924
6.763415969530722,6.43100095985608
11.546404763807416,8.300366951344646
12.952183986851892,6.142370220069361
6.6992487288568086,11.591715826968384
6.426769189012003,6.175822757734361
7.238098512925525,13.020444762625
10.373998953549169,6.463881102361273
6.933510014430789,10.977700840484964
5.921430932877064,8.35605669900189
8.078203334545767,7.410152989958938
7.840490583742351,9.135627562224009
9.417363580938403,4.598613486518063
6.253669120287884,4.631956469616107
11.913890839771378,7.76545827497116
12.803834302660485,9.319869886766485
7.552073072163286,7.132184363058252
8.738349952092003,7.091093158299266
9.287864428448149,7.238696167425527
12.13528970861802,11.611436157262684
7.988081365737193,11.259488606616852
11.708238021035012,2.6148173820659264
8.600606517011157,8.2752586448095
7.360355422715687,6.264586397357812
7.158887534642636,4.559085138036385
16.24189069422533,7.8518058523970975
11.822166829827017,8.315669441408444
10.44123457118738,10.407886492643643
6.737459932176036,3.2865239408518083
7.8049646223928395,11.37836534672532
10.633942144114398,10.392915048307946
6.536539156657505,6.337264755341432
5.993480040790975,6.332121508312286
8.55387111227804,10.38819165413916
10.3815606795185,5.050008862362527
9.820568699328865,4.912231909386178
7.5896281311846465,6.227485543097856
8.177810266622409,6.443641843659359
6.684739729829766,6.7591267918968345
11.35817170471406,7.639516022934391
8.998988254241835,6.689438537109749
12.576971967509417,5.821768355859433
8.544317577519337,6.585142002982221
6.570665875343622,9.782646556983211
10.053573444617774,6.89557494302388
6.514149699832068,7.2483729834646695
8.628957391555526,5.701211267681534
8.138754669551552,4.3711620885653915
7.04397770619253,8.794940918438478
7.795946127321588,12.752599007953785
6.5082143670533945,7.62439593950744
9.154229351978948,10.546332167185051
6.946225933702047,3.1587068296894385
6.908464043227608,3.9959671558369063
7.781054713015721,6.692998056996444
8.955441618440389,7.18704743688466
11.43131162151478,8.280488374965094
8.338361567347272,7.511933250925879
11.490009147644145,7.627790885995347
7.758758685731015,10.951436427456308
8.37975131241178,8.015025752422888
9.296294554846567,8.015656526982603
6.326838958811425,8.59599481738363
7.641192448484041,6.7349013978351655
14.106612417860964,11.26815017509601
5.822382914863036,6.056435712606278
7.767391394386941,5.5067438626320095
8.559403857124957,9.19168657039614
8.22216725631178,10.027773428435303
9.84408685115153,10.69694974274016
8.535314282226954,11.270545859964562
9.246382373906114,11.417097515855252
6.08994837038034,5.2277928320588
7.826277897963016,9.914488297751014
7.251654163961499,7.012094748685314
10.941470792359233,6.117296774450653
9.821368376318595,9.174680268389151
7.7732965114316,6.613945804856804
7.346729735525441,3.7049291489376364
8.339789859445359,9.083122037568447
11.680456710249373,7.60676489944964
7.075220898397524,9.179499212796117
12.723165311313856,9.503408583197412
11.754935386184604,6.430645091522334
7.98132172965533,13.063238827739113
6.443079020642656,6.365622553608959
7.110613496107196,5.0239677034336045
6.6081541056556565,12.586301436066343
12.152715857001764,7.765582309612183
6.281301959873448,10.356801661906482
11.69511005110388,7.599396578778238
9.32981113158536,6.732738836145567
6.092951025246516,5.739613850108963
12.103811425053115,8.14391085320396
9.561447734867066,8.691032919416024
6.271916169861246,9.774515587322204
8.326762835113001,6.528274146594526
6.855118442975891,11.735540608086698
7.398974470234739,7.641122214119961
5.963428084426304,5.41311477400571
9.519366145708227,2.897793417094071
6.427236248868284,5.4100149548043435
10.262825805814487,5.369074476896333
8.210215593631366,5.0461514328986405
6.733214300043489,5.891004557106848
11.40305014195425,7.771777960505095
8.86760570683294,6.592284780710425
6.784166350236633,9.207418562618642
12.041391259740802,7.871903766621456
9.83818326206396,8.981918561162736
6.8730358487940455,8.704383400547709
7.970929793272456,4.1260590192484505
14.205412966618244,8.246295847120393
7.231247843690679,12.411536790777388
11.894526454633214,8.16280933337819
13.151254597939568,11.295145834036983
7.004958989773054,8.244538383159611
5.879082258747839,6.892201655934297
7.471212265235624,6.45042123556907
6.3558619343466525,12.148473848604898
11.647500169409343,7.576726906567446
9.331650760446806,7.572999462126257
7.671329413870893,8.267082510926972
11.794730401578173,7.656292501457544
6.565487497997383,5.965908963266679
9.537883452931615,6.3802270621886406
11.402572511757548,3.9746775633797387
6.257873480815737,8.315143086470593
9.290364841737864,8.961787209171698
7.134675850475267,9.159340630428247
8.297248256655726,10.540075887396378
6.111033169380741,7.56499959953765
7.961866078706602,4.240117755470644
8.438423019047049,8.906588675151063
11.701531041037981,7.958427393863878
11.08116936788544,8.86418987575898
8.071400368179361,10.243657631970207
7.6310655946833545,6.765354810122792
6.349636186779547,9.034464473586725
7.59100578559766,10.034466686984334
13.994692298642498,13.08724672048766
6.825863604077731,9.0614909870536
7.128679000922476,9.938448066149194
6.336876903671179,5.693874709478767
9.443854900960554,4.350444164297851
11.493493027072343,8.02517251192076
12.168613587019301,8.190902701147333
12.809536609836412,9.421641943862152
9.83421435139725,5.758045143306067
11.484438303134215,8.032746539834184
12.321246570104048,7.196771262757591
6.2320538649184405,6.787937561416613
6.761322844038156,9.401043715951388
8.73844320757363,7.185129246522825
8.02794346686615,6.749537306056093
13.077400810768212,5.91200017336027
11.742012151769757,7.846489765040187
7.316818250010125,5.577655050089157
9.260127115467032,4.91013474055927
8.194579629027052,11.351123014494734
8.153432588796152,5.221495983833776
9.375153935347228,8.359122411784366
6.717653681653808,6.613094613504184
10.324798065682431,6.798900676009371
11.705388709821042,8.567427042879492
12.091580039846137,7.59527992253849
11.893531516590453,7.788053435271137
9.441593066135187,4.403373247015518
9.814432030529542,4.124742544877264
6.167220437400493,3.0724920391983797
7.806818542840255,5.705854953536866
6.450825910106639,6.861319422510183
6.699417644416356,7.229061323978958
12.113978064901945,7.842420459312088
10.455776675935201,10.072325150725508
7.296994906712119,12.97504644584974
6.783933369876641,9.054994179411459
6.859845123850296,9.371621158688702
7.7197629036966955,6.97296399011778
8.423753456912662,10.862095801263175
5.978939279592052,7.518527997265264
7.192753842586988,5.464280821415693
11.49788212848327,10.593455699651802
6.154287455495419,8.004133064802947
5.938018826005787,3.2187635511795256
10.520511572484768,5.72745360464278
6.25439371660863,5.082973322762987
5.9347329387161,10.086477709882553
12.01202703296211,7.9231755721104475
12.29226046102365,9.511316346702623
6.394334890997664,2.9016558968908206
9.8072067701206,6.933237277522935
8.376596856959715,6.3378768207890275
12.319721267694707,6.783558593324603
8.336864970738759,8.822090628847533
11.715674004419075,6.741502478517905
12.03793537983812,7.9633548702297885
5.889274044000303,10.717079475756305
9.946005884063085,8.869409746469819
5.892840835474297,8.061973079817058
10.643847823930534,12.665699107839622
9.387828531068482,3.2441069862867873
7.022536636862927,6.42779943930136
5.984972887856812,7.374071186125791
9.94325519175892,6.467251887900693
10.541558257888319,6.256472329352433
11.083178195189662,6.453424930411114
6.785754847692404,8.270031584013799
11.77302352797964,7.8607189232114845
9.216331660384022,5.840056332212803
8.191150978099126,9.680354454825297
6.604861664247494,12.794089906900988
6.7570333213529485,7.0170373148919225
8.697668288664584,5.324549717244769
9.759740817722179,12.576281100410261
9.812042452646237,4.981534493957869
5.9873275886430095,7.637867858287067
12.174210913935799,5.983402681114422
7.01886617559542,9.409196734570877
6.623191441543862,9.427067333459814
8.752272650766479,4.451830784515981
7.377210799212562,4.588808948759124
8.954938707367956,10.214613864026624
13.361422456545798,11.244522255756186
12.344248971135784,7.719336185813842
7.590507623715863,5.597764888081683
11.903423923227189,7.8442167811067876
12.16034230444275,7.6837236275565415
6.788967428792958,6.230959318601665
8.570234846068846,7.795973264545547
11.782188710140845,5.887674251916231
10.42735617043517,6.329806108445971
10.384351914105594,5.892377877009782
14.736616915366309,4.641801082868334
7.176927212094391,13.556103340448763
7.940334516885581,8.810645931943602
7.423220011512501,4.492898607682545
11.41477411423897,8.093521073202261
6.059073559029147,3.6893234077609045
8.997194170969552,10.161486968453678
11.929452811512672,8.07071964028845
11.752687161175514,7.482232209591501
7.445907002108435,7.735861195069845
5.850547489137642,8.084877214240837
11.154243217981527,5.091267314583114
7.5597599060339284,11.200295994365275
6.596395652448134,4.948544888906569
8.684054052879022,13.034588071071319
9.006715513761202,7.171949347370036
11.855888484450343,7.963365723038674
9.866028482297587,8.137337890083375
9.117824785078815,6.014214337370842
10.379340368152931,7.508159613491661
5.996421993029138,11.126299112320952
6.113578438571524,6.556817658495929
9.466679060309794,8.453559276315135
8.773487930988363,2.2018648350749723
11.898581438140221,7.745723414495621
7.27296146029242,9.108239637592636
10.233131878492328,11.14379501428396
11.775025708413663,7.665608931436896
6.678267663676622,7.313668102109392
9.688837730335825,6.251384759983844
12.107099018186426,7.975447145006653
11.236481750401321,6.8872521691004005
6.774928343379075,6.028320199638076
11.352638689991652,6.468922351764741
9.957805109627316,7.589977487569228
12.177174447728945,4.1132151961861805
9.247755769894328,9.639446253341786
6.231618937185842,10.374239842162437
8.704122561534282,7.1033939459801765
16.05921030275436,11.768057084730088
11.874601723539307,7.722691767900467
9.003659359926099,8.558109239528276
7.826323746783369,4.938113282135655
5.917924116262591,8.200166891328465
6.338177376686616,8.213063157374691
7.989121666928092,9.668915167583323
7.946671239872398,4.95949634287578
6.307739188634641,6.234769369991442
7.1747908922098205,4.0485634452068835
11.92784669538009,7.726820373347686
10.398501227637718,6.623872371568403
11.908758374169652,6.446514766458285
15.488695901616715,13.738659926052918
10.107302457468046,9.888747998491644
9.18082633815373,6.558732076806763
9.823643345892089,6.567510813115686
6.91644525169513,8.215932636184549
7.094848576602937,5.541841085228435
9.357349160881752,3.481892091440703
11.730408098110242,9.403510398830894
6.952201163550541,6.16953451302624
8.408500070156162,9.473880381422
11.966137498475398,7.428407155737275
8.210628865647983,8.48710700303324
9.327467959190772,11.420331003472382
9.395426136880992,9.20973271784737
7.310258327399226,12.685097824005107
11.459798573901802,9.90660843403106
8.072366801131382,10.284197567200343
7.719349535454437,10.249435897530901
6.448273735091147,7.095846783185517
12.348956168115356,8.21545288057719
8.948782906657117,7.943212252073703
7.5092034926184015,7.44257371595717
8.178810528254944,10.947000761067345
13.261238792649761,7.269252299879068
8.603968850172079,7.302541255772063
11.837699508928283,7.476572100850061
12.013262809183637,7.308842654591854
7.277374434706929,5.948404262785214
7.988606799411665,8.87184217563387
8.135617506561932,5.742791101787039
9.406484594728655,6.744285770634899
9.285813813278908,10.18614139950263
8.62703084490137,5.084652747080007
8.917260513875819,3.5966466880659436
7.567269253901369,5.126330923197324
5.982500070363215,7.283251294265155
6.526978900006637,5.536623072951725
8.445258818730743,7.837577654396722
12.76240038834885,2.754585831724832
11.927498373842145,7.330399860496987
6.745348254099504,6.145679269061987
6.539653900905859,5.804305667400631
6.504380588559044,6.78710099556786
11.797773241310866,7.685108410440389
11.0309699984047,12.082751354040537
9.714673483983091,12.755552533256973
8.753268449501295,5.174730979516825
6.017890401208822,6.84911688875246
10.570106998728047,10.047142158387233
10.826608622683084,11.236695964581251
8.465660770131409,8.649131278010444
9.384192816981733,2.9614347438739834
8.655576191866334,10.583126943999885
6.3863833399369065,6.32614156195614
8.782092439063385,4.98431640230683
7.241467954603262,10.194763801982422
7.205070064082497,6.509139184322971
8.17913891522769,2.9086305720549523
10.38123605971855,8.362724702990732
7.230692582076414,10.352056255377168
9.968566968967089,2.8330807301548715
11.419621812460353,7.787119386261336
7.590910268281682,3.8075319630716797
8.948943202741631,10.28736537950306
7.647196058281642,6.531287753295204
7.604544889186001,6.925586595297084
8.86390810220834,5.150494302462299
9.46658583212423,13.648966631593392
11.328467806614974,7.404310561620654
6.087691866061275,5.003169310664285
9.824028753699869,8.932597104993178
8.327443765326022,6.146130017192671
7.371486581258969,11.304970194177544
11.769177302111439,7.968915842742447
8.041888653260997,13.122205119745272
10.815642455516727,2.1332619417458516
8.07650343369904,5.892468008993906
8.40374440999258,6.068801919771861
5.896242215643282,8.437386123578184
7.690269972684335,9.485910513745491
7.176418864657067,5.290681392044323
6.6603379016267485,5.730154016373479
8.849569622366282,8.028303154237603
6.453094545204208,12.223159531309834
11.739536177946688,8.139223883296367
8.90426902753402,3.963271924959882
15.862555952555141,5.0963204563055164
6.2019088075385636,6.695854269626257
8.709607456256816,7.406631045245816
5.834509094880113,9.270201172680048
10.868142693787556,5.572619855177363
9.141088281809296,6.083265942082984
8.965574537294918,8.569500116873474
7.419695765264542,13.779118309548648
11.534123217233958,7.782825734554583
11.237297797248242,7.921623667720348
7.1704150039594605,9.523596207886044
12.667101760397335,7.611811439841997
8.68698087304526,5.504554585450897
11.856173339167398,8.09159992523752
10.870427788944705,11.09687512380482
8.2406192355571,8.25107580490295
7.044329484628376,9.042662961807332
10.144792664507282,8.393063791929784
8.652885177797765,6.004557042852223
8.582446150385739,11.035843139779665
10.879999355439365,5.183668102793484
7.493495090638002,4.670553584481022
9.295157429525329,11.301389267265462
12.126714606875572,7.640721082487474
7.1475750929144475,5.291947471686377
12.09714173326071,7.46228722689578
6.881149665217113,4.948978585020642
14.261419970390396,10.105485458229213
9.525585900731622,6.861706328205434
10.216163390837057,10.248014997762391
12.166109563229368,7.90307531274988
9.618223501886852,9.693491738144006
7.818512349518115,6.721343349226678
8.789805760983635,4.398495626473917
11.709031068462867,7.930737101617425
8.627176855520975,3.973967782560181
12.185475542319963,11.07519307639546
7.687495710395738,7.8592039966903355
6.200893687974133,7.4875120525147585
6.89085625869186,6.8904442252108815
8.779753636113394,10.492730861905267
7.223364816881288,6.389687688560465
11.276985277026885,6.576386640812002
8.68047117493972,8.262548833824116
6.762474354917069,10.32023190794923
8.467570845712912,8.416987813265917
6.039330515191651,6.378813176365436
6.446128799417836,8.648719044011065
9.417780410513265,5.403765724843374
6.0334448283282365,12.528487153471003
8.896112972181752,5.553222231515136
8.000980713473949,8.35178384755596
10.730632916682417,7.673898667302329
12.251894473645741,8.062195741718538
10.941227254986375,9.873945072848846
6.868610099853988,11.503880035718044
7.587894108027942,5.274317548718545
6.367931033783101,3.315249250659402
11.970028698758254,5.692290928382534
7.979298263903695,7.134619102324063
7.120407046805247,5.262632054257933
9.883188680245453,9.22594839818665
10.50426282964876,4.4196669849172086
8.53253506328399,7.505171814299335
8.29010560553463,11.993851362943698
7.5241735647363885,7.685306627511293
9.797347956038156,9.215382371773066
12.453487950474464,5.021430099201825
6.397331215932896,6.302952920159528
6.5862279201099945,8.785890097701827
11.090799908714253,7.660393094134717
11.478517551280015,5.7249389305725265
7.329767393312933,6.720125612175857
9.521613466260384,9.279097480934256
7.724269005623911,9.048768973627944
7.595467690600807,13.505520377210905
6.614442792114397,2.177424698563733
6.098330222246929,4.8139354612738625
7.908563677275481,9.434570032972644
5.960253366051538,7.639039974377936
11.629718982487445,13.27009146026128
6.739319661274097,10.334369113169725
6.472672225360105,10.224311923664265
9.065803793029922,10.730208316818521
7.1566503951600104,8.161133536246412
11.169533335820857,11.116802429812662
6.172931696935623,6.27664942577401
8.470723775831345,7.224117916413819
9.550458836393299,5.953210770669309
7.200122916701405,9.299184597527823
9.13961174806035,9.263546092027104
8.97074353992493,6.594642537814307
11.837306096047353,8.360436385671553
12.593597896111525,8.339883647973753
7.471738425711913,7.635924015910581
11.437483661503089,7.348278335565098
7.303502961190829,3.9097621296650975
10.268187411448734,8.293849411711308
7.227089690434428,13.186705658952379
12.00003989598609,7.8446185075763175
11.930903074337756,7.9568875655735045
10.86967992674554,8.243772357743907
10.280035663132184,8.882541177562594
10.95206845197064,11.210437263421253
6.444898546358376,12.014914843069485
6.906533329879203,9.37867477487157
5.850736320360284,10.116467734057343
6.5836448614276195,7.18551140002409
7.818921016557918,4.653935326316808
6.114287966090767,4.783812706466452
7.31188826869283,7.9584983564505585
11.910252607530404,9.085383856602155
9.730536837613773,9.44095537754464
10.349839396337082,6.397081890341635
11.910135084249337,8.604774175412247
11.808750709161066,10.99305059068425
7.570461110712122,8.790391732448409
5.960539893978123,4.693066797367454
10.423300918007595,10.078651147388317
11.882919301877699,7.647287974054143
10.385285447169887,8.082048681320112
7.79472554645158,6.467664371601911
8.785484893059953,8.275967276445426
11.269730680079435,10.90489040591255
6.858898341272682,8.803387448596382
6.757833475854841,12.340008558817795
6.816811507956442,4.05733121732763
6.469134587661487,10.684275512444204
5.878166621285549,5.677547429661558
11.157836702406984,12.016748762098551
6.292708185850919,7.443594228228707
10.6795973065395,7.926326159633321
11.628339530558957,7.431035457671793
8.005430786053997,11.06968664881942
11.38212590016506,7.807784365682265
7.138342809906299,7.451186234717043
6.348647760463996,2.6201559554697225
7.7998452349485445,7.509470954988273
9.669646563639388,10.114307773831003
7.299373906738331,11.869750489582549
8.806774223899838,7.813177946884219
9.083684557984014,12.582999629843147
12.091840990335482,9.154710130413582
5.88697836798904,10.113245074254209
8.109043518080577,5.467563635617891
11.5375124401649,7.742863843741453
10.76511756514468,3.510759674914067
12.265331261945201,4.551307608647979
7.401428776443154,9.37064840265151
11.39601385586339,7.778560008164053
9.414161433270243,5.844275428149219
11.663680811997635,7.613083435860604
10.313019833886488,9.316301509370993
11.69207441760058,7.7429137559101004
10.876150147475755,6.943173891714052
8.007148834913153,11.217593103444692
11.885360180903774,7.690452778018021
7.2719204252361,5.911059659509456
6.455601719752826,4.375077896492022
8.268100590985982,4.992045379728478
10.975619332256676,11.980937841146512
8.160457894931794,6.221373668668219
10.981237537036716,9.321494428487249
11.509846821231806,6.306884375524317
8.315768436228213,5.2245804402311355
7.532657595466284,12.280112359212318
10.29014301228002,6.887465041044618
9.01701883723652,6.915002932515959
12.720290905141638,9.105248639962797
9.992151048772204,9.144076714697134
7.296974155007444,5.11803043162739
12.189082084867062,7.381098360114721
6.895316056679891,9.630866160623428
7.1824244118647265,5.745970826223396
9.205232874180844,8.659307900975058
11.497200381703859,7.341437874270154
10.962990872955707,9.20804940862475
6.548480884686135,7.032489610024343
7.844106743019924,5.486807964848491
8.716725485832864,9.422840716813585
7.173996787437449,5.97979161846552
10.388606973646082,5.448708798804885
7.512161790855721,6.885669190825702
11.59370816245954,7.997561860511766
7.615153480419463,5.558582384318368
7.818327016551069,11.588586029647644
10.233466769262918,7.951545482926202
8.416078195647383,3.8857302297647944
15.14790600713875,7.281668109823586
10.993607187790582,6.6225386703352225
8.156049041124241,8.352145868062905
11.364252592690816,9.279998049812603
8.258929940741218,9.32522900321902
14.123449205564095,9.407393703500809
11.4781241986911,7.762558039368623
11.677291664519068,7.856465401922832
9.116187221927978,5.912327542024979
7.946667466798368,13.014738267283791
9.069693234289481,10.10328437539324
6.706641677526429,4.677308065934371
8.549175363351983,5.310978888519699
6.73869233007132,7.146347293655316
9.4941545926501,7.69262555746997
11.403953149464618,10.051690420863158
6.706436639716245,8.747682265724757
7.704075930988354,9.401221972303825
11.506926756986749,9.257266115250907
8.537038105892998,9.12776446736286
11.757526528294667,7.758418460037212
8.957052153274564,5.744867993819308
10.305485353887422,8.6557205219052
11.507363105312894,8.286169670873335
12.949357866974639,6.84251675210538
10.339943177514002,6.364237465406717
7.950466720628904,6.634217259753158
8.416438914308792,6.9780603262895236
11.42566985567846,7.804349084592755
8.904283488357427,6.579819412063638
10.920138916123536,10.93060357346511
7.355202197977087,5.859477590340029
12.003450152511755,7.741474801054423
7.496349196871133,5.387068768964389
12.107158339273393,7.393757183523714
8.013264329480977,9.321242657743001
7.9174183344152,5.689311730870595
7.357171635406735,3.7471852653519595
11.279525742973238,7.791148047578258
6.448926536956471,9.097990525993898
6.417110667326912,8.822251598912692
6.404883921396853,5.461526566967448
5.974004860855956,7.345003652201609
6.4785063161886285,5.573052324057478
7.113812233043464,8.116233610579435
6.512641891596761,7.337232799838449
11.512806895068138,8.18518134892586
8.308025752210167,3.4420708694314035
8.178663924329248,7.479850814416405
9.902126537101182,7.159566599449912
9.974854205557511,5.686328569930362
6.751581562457202,5.731161452244641
11.254839317792184,9.428679330984176
9.635048012024976,9.68725698195866
8.63519393366121,8.882159817579279
12.009167977687943,7.995804849564628
6.41596194539362,11.743219512845988
11.872601373805292,8.244390385560227
6.4560320746891655,9.437299350873069
6.493373870595463,4.800161645706075
11.932686423281377,9.07376796205219
12.14270717890132,7.102679856348717
13.116694592729363,8.72783325776081
5.950575006485269,5.582037579966736
7.422682395371322,3.5847291436182704
9.288006148486474,9.187125116492766
11.147847757744612,9.530850735566002
9.798317026764748,9.608728640477295
8.958508955013698,5.409453400996376
8.889934628054084,8.669586034523107
6.385021488167827,12.170337581136376
11.14683437053032,7.174605631921751
7.4134460375195,10.884763842930093
12.52942597233855,3.736737261213895
7.76098734747308,12.005990120377392
8.828102705644033,5.49815138515365
7.975611495594576,4.770061012497352
12.431231392176368,4.836824243874479
6.556018288380082,7.566779908287278
12.08973934504241,7.6662137917703035
12.648583476343632,5.398831172696871
11.40706155276297,8.031754026646936
5.867284270290641,5.465578018998303
9.208397792001431,10.291471468463405
8.24360126330232,7.102551345702954
6.498957446260756,5.0193582455849
8.1915197377684,6.197522995187115
6.394218556248703,11.995979468846306
8.38159245174724,6.787947992703522
9.228245983249765,4.204552408461303
11.47775309970143,7.699157617700085
9.881948505923576,7.159999195347821
9.886808968393185,10.996213146110012
6.681923836893636,9.778823925708735
17.298223168727517,7.98826281577116
6.578058340419129,8.14145959032807
8.629269140431,9.606019323377438
9.451827775828397,12.086356833522384
8.621572627041484,5.314732507537933
6.358925210170929,5.407742639508339
11.908719115942699,8.060986602805656
8.427482641830958,6.2121964178791185
10.51384271038382,6.3182740960966095
6.871144491031707,8.882214711307789
7.684909565444117,5.014474890834148
5.802930419114799,10.403364881533484
9.140730779233806,9.788547824406686
11.766491429221816,7.1445629384705445
11.523095432110228,4.031923926009083
6.994355333979413,4.524391782698278
6.773647396518485,6.506650439444892
6.961183884652505,7.9422727952731895
8.173434352661475,5.319690495224002
8.37585128175301,11.86019891042984
7.541545728812797,4.569788832123601
8.82749344608147,12.253158199274102
11.915696630892167,7.95965364838956
9.95967208167137,12.001167011383568
9.654372503548325,10.968986083322923
8.630513804469215,8.531172125099317
8.704860738825511,5.653401466708168
11.505151703714802,12.494661018101729
11.885379252542426,7.7071126083557004
11.262168969253802,6.791073882286316
11.707813630707397,6.2061829745941886
13.39611972893388,4.450586374242809
12.221878881890936,5.866749477955074
12.677452985105582,7.677024205754312
8.911903420878689,11.785499962386128
6.055505957431069,5.1304564201874925
6.358722306414792,8.548935499995887
8.081892194092276,7.44751140099542
7.254208546237809,7.221538200944161
12.507562497174325,5.8245952057115655
12.115450209811556,8.263537393179735
8.231213438596635,6.737333208792079
9.294813367145007,6.053229123606911
8.49259287597605,3.82115786476008
7.546617164376996,3.6973052403059072
7.509506358084632,8.386780983686032
11.658133067997047,5.5831798076870465
7.109547307411762,9.091135745378102
6.15517733222785,4.476435545286225
6.825584503938769,7.94571485167716
12.598319650734252,4.135312276723765
9.21286851958537,6.624377555044872
11.727538417701895,7.547142922044294
5.96193652675199,4.027390995402969
11.461870397150168,7.644477200382998
8.987785057900762,9.145564165360765
12.597074836034832,5.525083881764878
7.966175085043479,8.924554561302864
12.333221994438281,8.226148605504259
11.37464879820794,5.69255531878074
9.507029259954189,6.825113000080836
8.992041167690118,9.110622477278783
9.303141933807616,11.51027354650252
10.261403101266927,6.323765928998763
8.130381517480075,7.596183601031723
7.427229407205815,9.083304563060256
10.005460508281242,4.906603254323304
7.61503704881891,4.019040446475
9.198845755981901,8.154168830184656
11.60157002624497,7.54935517232367
11.853491528237152,7.745348936363558
12.052957993659131,5.2132189393295985
12.523515428000636,4.610488704722327
12.810581535239141,6.158287688971034
16.007073920997904,11.686892590851185
8.790781593140784,9.988552481024486
7.309130151642264,4.248011921795014
10.396326396752382,4.819101755061722
11.012945815082638,7.471199151726108
8.021721824311722,5.914857444472631
6.123314174944104,6.148341445079195
10.374028384939118,12.102697084732629
8.814217101799217,8.361956265604714
8.460000399011191,9.990726080853467
14.676505337823098,11.835263200385999
14.17392265588587,2.297794167643501
5.995240705031502,8.30190780672598
11.310765360459056,10.366562311748504
13.784995733134007,11.013768126858821
10.97670423300171,6.661495379386461
8.961832540163387,6.726438061649618
7.248659279921493,8.9579054371162
8.075314443070514,8.170921641974209
8.32953036995077,5.468877604423118
12.243873842815152,8.06158418473169
8.726496677114335,5.399663041740495
8.42422322820405,8.853737699238769
13.972161279504322,5.35733388314197
6.592353736797038,12.668080093456714
12.307815513331644,7.0147023637450205
8.896880958255782,4.177715287458386
6.461531756673373,5.444488388747589
7.45982293665423,8.09619567925962
5.9919122922807775,7.14909355856094
10.712076969053138,8.511035360537532
8.244755083335335,3.1693506779958276
12.203077274679961,8.393065143063172
7.108678641287029,4.010158872580786
11.446186058252065,8.025036808608528
6.525651877278746,6.4675808928209895
10.746921408771025,6.578479046724347
11.533035453350195,5.612639256915847
9.103661341402516,7.397399044144045
6.8444477025697505,1.8832385692065539
9.079997768036268,6.326654322908119
9.37006233780546,10.722596255100624
11.130545143751027,8.243668072334888
6.3010345458635335,8.225750129547606
11.608816203719353,7.825562793659242
10.43149484643389,5.029581066195816
10.911059584331662,7.616713263245569
10.896526780466655,4.677433495397168
12.715727239346329,7.149316483377324
14.252436046489947,12.227812663669907
6.96676768487057,7.560372385042439
6.922939137961438,6.23304568805965
9.463081697150718,6.535864907374783
6.346371680343034,12.408451413722423
11.106559452467229,7.14358570921077
7.317291472614749,5.695519074478276
9.080375879912614,5.291903016447774
9.756342720093022,6.9237297287340285
5.943872296718496,7.016220774374367
6.527642006451415,6.449398494332443
11.352914362046864,7.4774272510671365
6.30730829149432,7.721018343629336
6.849645666056219,5.327798692796963
9.779005080806273,11.22653669961834
14.749554778872088,3.8824362327946735
11.857911450864837,10.90701344210045
6.64271640978519,9.486670430553263
11.848644358802414,7.81894085676009
8.38140454860128,3.3152363384942176
5.802383163661652,5.147111308141523
7.43474786767141,6.329811121719562
6.522693704275239,5.639538222577061
6.570686637354344,5.215276387563261
8.048276792887703,4.592502846613982
10.288493589834353,5.089777945002815
7.451489865866176,7.449909124154775
13.201319005599215,11.384803517848335
7.4958941970310295,7.553336024732807
7.506888321109683,8.726109999249156
12.092129506696068,7.807860738690055
7.167523542465473,7.397366894489226
6.179084662607967,8.162082816570972
8.331747185971368,6.639095190128945
11.78939321629007,7.716362187549898
6.118729335445624,12.875938854301479
10.304349810759403,8.536464804324321
6.619734607566035,10.410782494155018
12.049456147650767,8.54118442135752
5.92141193910468,13.64022220567264
13.537915867855835,6.586015783728924
12.219848597783649,8.08501038192761
13.166935643471563,3.846507570565517
8.630257446135223,9.001621290452077
11.151192767792356,7.532647183914704
6.468736226795707,5.332644736008661
12.163157904317409,13.457134945528866
7.720907528629427,6.900249558795491
8.873684950641968,7.992074731413153
5.850639546444782,7.478878948881683
6.764961695908026,8.796128493382403
8.28341587685691,8.638873343303421
6.871487193617903,6.85833947270248
12.06965283612379,7.446293619363539
10.78265637057532,9.830194043082766
8.807286515286508,9.966990845455472
7.01885037686789,4.933133497576581
11.424168258518717,6.24267914335196
6.615449250999544,10.574749155710023
9.091628990530095,5.296797854763485
9.277465246332056,5.0069201973522475
6.559015341387098,6.2724459197845155
6.987446605341931,6.157422874569489
9.78408868773633,8.408685280750161
9.369674621710459,9.63687667951019
11.726561592955145,4.11682168719933
8.099564432478136,5.548189407999906
8.058766325752885,4.679947343516918
9.593465348108907,8.108395670498089
8.35733997417678,7.214704571793654
10.02362340831723,4.549830099803001
8.241415780865069,5.384211135734659
6.4508228312955795,10.386993115720989
13.546740802412378,7.516590557402488
11.670528418281599,7.756339112744164
7.058287529465823,8.98729840230502
10.625808922932002,5.448706995965476
11.629404356380505,7.816326358374656
6.628127004791225,3.636525186700917
7.894718079153751,7.008577672155018
11.121494792478149,6.118342164571447
11.36514232445819,8.200981615311761
11.730873739364428,8.108008190693518
9.822383256418043,9.40613016445272
12.95062432812775,12.180654708605768
9.225950923895246,5.284293968441517
10.169498449799967,5.816162277477119
10.234557541773377,5.425972127655781
13.391327056989168,7.3595996618883595
9.563883610607553,4.8298873178977955
8.982666451888244,10.505004516019616
8.672523948774876,11.581873716102523
5.995675349460122,7.979075300643081
6.019367873204861,10.747250383849583
6.164664920365084,3.8601545187484008
7.981324247447581,8.769929052772559
9.839450513396567,7.442427244091593
5.885113966783473,9.603350871278368
11.385169454704966,3.746457276464121
7.570666101119657,4.984452434242074
6.82835433831452,5.819139669700967
7.215452271795603,5.127739584319795
9.834431020566335,13.755799935855956
8.62141570665272,6.261462351699728
11.48253269616486,7.515745373097909
12.259461347408823,7.079504306305581
7.30207911779376,12.14260219354418
8.375617893527853,5.368429608516769
8.278880212745506,5.341591680234761
7.619992529700623,2.723195985881169
10.45353970835583,9.608033688906882
11.157721004792009,5.739943277267773
7.1244765594966015,11.29339352988953
12.398243787525367,8.487085889945462
8.751749494565656,7.69545320783013
6.0436489037024135,8.020061911544602
6.303621568870007,12.70496691575159
9.30020505635946,6.948624726091428
11.75784637390048,3.0645766664650256
10.459028075312846,13.133218406470391
7.168744980975862,7.161895417523926
9.724546070251813,7.891521681293218
12.115658952769486,7.617675097701427
10.427172023875544,7.246576941915562
9.340460352995837,8.181814628912885
7.204082597257107,10.384115715476304
10.186412935393701,7.250185297319465
14.290839632873395,5.591792457565087
7.133980646862117,5.300960363021447
7.757956283654411,6.124142987873979
9.119392927385316,10.697994196835825
6.090491629432361,4.037568395805374
11.967359509226146,7.557912907205815
8.141931496655726,8.021161227085997
6.18044462657546,8.18853412474735
11.683423472055354,8.006607898496684
9.77885655815213,6.069339687168512
11.146565449703578,6.249758668133617
12.306112495430963,7.878340745531421
6.214800948791646,8.131792134631647
7.748603651741004,7.776494945112291
8.1219133997675,10.07143252848256
7.671867117576677,3.436304195220972
11.95187143478956,7.772663059755515
6.993572602375618,6.5918275703822635
8.038474960697222,2.9094280691027032
8.768626166765442,5.173606624019954
9.142924580180058,9.504371120811628
6.898537226028577,4.770622021818688
12.14012568569097,7.463331962787844
11.405294486736006,9.906458108735887
9.843441516164708,7.828687055894616
12.295137119657863,5.265292119324858
11.451502819988677,7.976746324542793
6.639271852099481,4.476537967155714
8.233703372300743,11.364449718299076
7.756310651411664,9.765855714388957
12.010298336463418,7.679059611845543
6.835309571970749,4.271258316679935
11.65123945496637,8.174605339681097
7.883048131041698,9.147865608368692
11.898108810430257,7.723112527229914
9.404259114222617,7.510212315251951
11.303141934856978,8.130524346136387
10.437001431755261,8.416156103498569
11.889593625302453,8.087926434178135
9.603599696971125,4.2971221793271495
7.599348971704232,7.834269346857695
11.652111417820844,7.448512981307892
12.13160004204263,6.99366435067098
6.509873017366953,13.0304979572589
7.494531749307861,7.056332668352646
13.326036479567168,6.878551299058952
7.163210806576287,10.462282572809425
9.095751086601979,6.073589791832535
6.57664755140051,10.567308791172717
7.869831217756382,13.386172691806326
7.244336923026795,9.735231615925802
11.292520909681025,4.06624004159234
6.833451790067214,8.778023881826817
9.094842227748842,12.089838811085905
9.351770294272972,8.841463386009416
9.593872437423688,5.465725114369119
7.844827125787564,11.21092534675994
5.839021523608331,7.651701890251731
11.843323312716022,8.067678372820843
10.216398649709964,8.29221248298132
6.462210576595431,5.680889198686276
6.769806850600872,8.236943391494533
13.213240624377555,11.23130963461421
6.193590835210803,9.309093556053922
5.862011009764424,13.28185070578259
11.389278448307337,7.613430948019678
11.368452326838069,7.803114389828261
10.203793283236834,11.044979230125417
12.528218443246505,6.218931440266227
6.695536720077227,5.325501194616496
6.875661748630563,8.60124738274615
7.4876930539602045,9.603228308826747
8.720311555869758,6.209977697319557
9.848895544902057,9.126033734370408
7.035078649051533,6.766131233471008
10.701452846294387,6.640084127457758
12.603888395538911,6.349759720250982
9.713260337631938,6.206282665324307
6.315264745077575,9.136232809051462
11.711016877826951,7.640268291390853
12.011790619236653,7.205292150137148
9.132568774228563,10.762379988855795
9.097524418704026,3.153469127697181
9.583980880534916,10.150563239409545
11.678239951021807,13.675721335288028
11.49002550796269,7.936037372429779
11.483694252740248,7.764303951507394
7.025158216953611,9.109017533231105
9.422193972057183,13.704059836352464
7.401529384646913,6.98844417398818
6.052333797912328,8.985401438637062
7.304826905714594,9.21521925978176
7.016093008400052,7.349006613153238
5.9054669720816,7.985802343480103
7.008954364848892,10.241213110869257
8.302757048624736,4.479631515160385
6.258241048687828,4.853089285922672
7.4143816719867,8.010392433978629
6.041280891972245,6.269318884939316
9.65802851171157,7.7840095516313745
9.270629359486055,9.725671917439634
5.9214919658364185,3.9806280980482254
12.088680979040852,7.98133595622705
12.11438857310776,8.198172922295834
10.8152283149041,2.8580711353775867
11.586880123352033,7.7114329115441125
6.595233072018412,10.868798278420195
7.404858834194763,7.160437923311147
10.737419254306007,4.636381438360083
9.49215406766913,2.3427931726601634
6.284192422241538,9.125959217080311
8.119581039284235,5.6339680895326625
6.94450807494337,5.97815119039522
12.129767054657641,7.9528291186456785
13.187907606343861,12.70014181009703
11.637261192559066,7.843336943041608
8.116186663516237,4.462495527114605
8.697481620519417,8.815309948448824
7.308680472497146,8.829745855608811
10.250827202485473,5.898913587105878
6.112798743395619,4.461821043170055
7.531055775606513,10.450562805613307
10.829463226067256,11.35342112130909
10.128370436746605,7.942125243070396
8.392367688892953,5.982203057814219
7.227319274464619,9.411793620887284
9.453707055892508,6.384788015229234
9.757298138123383,6.056672640535604
8.401538020827319,6.664859593722127
6.648291400288675,4.323070722678303
13.931849455850015,6.838703671300471
11.723108570318367,7.976632936855197
5.94214115032353,4.612489982823936
9.56019284079924,7.363583650946093
7.806110410558691,6.15651691265198
5.902789183400028,9.40664289304095
5.907422218601229,12.912781549107045
13.375799110584785,6.414426388461423
7.616730842001763,5.58925879048828
11.475745276868558,7.717370313759858
12.401531025744166,5.799267034602512
6.107515982211113,6.050740730749071
8.603157749676278,11.967888534394618
12.112587069850097,7.758500581789208
7.187953310381369,9.916659430217235
11.599760427933232,8.034256242818737
6.32118471364827,7.349120119328468
11.433543114885657,11.62567346652151
12.046108451392211,7.849751356663089
7.20399137611269,6.171721091641921
6.2510793524234245,8.394297467778978
6.921473738378409,8.631031168095195
8.762181693911309,6.274815945347841
9.812749993504404,6.895215109017058
7.6790125576028165,4.467920604909194
13.253888257988836,4.704964513743643
8.073312959975011,5.93332363894332
9.88777524897328,3.908247293869621
7.889352325359582,3.7192277610157003
9.968417701224485,9.43040729489863
6.6652099092795085,7.033497341752622
11.84025277207625,7.743849940191735
7.572252367474005,11.413044678967225
7.483922305040941,10.716764660208987
9.96134862412889,3.8954788664565494
11.475967697994111,7.795449748451067
7.7744270237668465,11.142407575389885
11.989927653541644,7.027524602670777
7.793486558526285,5.627874008366102
7.263880308655088,4.251172234539314
8.361652255874716,6.909710067185639
10.92746778446925,7.315624800127382
17.386613751270204,5.85560224611845
7.950699825707085,9.188521129931182
11.581073177828287,5.6787535767780035
11.613920852902039,5.612367079668127
12.010726130098794,7.741955497219973
11.488632776313853,7.749794173053753
9.62236057545137,7.981744467374618
6.902210342345964,4.6918948552923405
6.173730656817847,4.790991424643504
6.42689673465125,9.893578108962009
7.4638156949862235,8.257060584430185
11.803515023021966,7.916952281304362
8.710600317769902,7.116757717705656
9.248610391999602,6.206913833515799
6.780251345479246,12.796236294520172
6.895675565237971,6.75419458776914
7.129693356891427,5.392232915119613
6.0467499455027784,4.749009741161622
12.045014627440956,7.496640970318769
6.543747647794971,8.471713015367472
10.940289365665453,8.44050009468136
9.031207935079582,8.569359486985226
11.723109323721163,10.609698606104018
5.840526961815296,9.822697681364302
10.012340602904047,5.3209471830888395
7.249223148211405,8.15853575937279
9.013279248751301,8.895715547768884
9.985562347276517,8.898566015342862
7.7051492900720175,7.017398770665776
7.033260549447469,10.289882173557714
9.496345825804719,8.395730725447304
9.891997314380891,9.215821826010018
9.234731586194838,7.106057278519889
11.32177745864066,9.170204487065103
12.156564953297417,8.140499243784095
9.776857039689547,7.234832644524686
5.987542354613022,5.869029288024145
10.95755253760172,4.935971373828944
14.792965020093034,3.6726073403265906
8.670292448346885,9.842403797426691
9.60963454718596,9.737253897035153
11.921849708096023,8.004711189902281
11.096888603921178,7.814417370215422
7.011321307095991,3.1093673984028114
9.00932602425439,5.129440260984232
8.720276058965556,5.515787591900332
7.105833800253954,8.755685429655143
10.527568336090873,5.9544856214528314
7.563894016023575,9.972765853829799
12.300834845077517,9.72489946902309
9.914608349066224,10.606108392501922
7.459202098582168,7.620784477604494
8.888228837912392,3.6884565752771374
11.990659602218473,9.919816827688201
7.557898965430683,6.557960370206202
7.175898219858561,10.313596744652493
12.037534026958795,6.340306677174458
7.782706510505503,6.647581710180918
10.612475338947329,8.160818044101239
7.963635656906412,10.9511437089438
12.541377811873593,6.355736041288869
8.253933103296447,6.650888230244528
7.197633252251987,10.044496671729258
11.930722857770082,7.651707358203493
7.209620098172527,8.959696661605665
8.104782678392983,6.454846806520976
9.417724227428552,10.410161489950477
6.8900906429618605,10.60460574244224
11.565640332333068,7.945466902894579
11.894556526262877,7.759082599200327
7.573318666423474,10.327400748673618
5.9155371187636785,7.743729307290917
6.717879413974847,10.636933024741909
11.652109332402523,8.084452029613582
14.562410186696633,5.188297309733046
12.032545447271637,7.860308801787874
9.552322068435231,7.019647146225304
7.119330143826583,7.878062024485191
9.847354360312584,7.597218320720971
7.143113269160942,12.812698126595246
10.683849602064893,7.2707525765486105
10.769203378991243,7.298294217368817
13.309907991189789,6.889250404028631
10.552866413318569,11.79609876920802
11.817719996183989,8.469226283441072
8.402177111415055,9.483124676369846
7.592474644635196,9.176805898511024
11.32518278967585,6.299972375642432
9.330811077131761,8.101645066893369
10.301375126562352,7.527883306709731
5.883712332219043,9.404422207854164
6.8856671553309186,5.937052030546935
6.263389500553177,6.401113757263424
9.880093582748263,3.6664242257759283
6.581748036457227,9.87345662289195
11.579743246616532,8.293290752512606
7.852939428948413,3.788257795685335
7.684200259478967,6.615842166879764
9.5148727218268,7.548619453677986
7.682502476643938,6.646270463516035
11.745245328423643,7.675618800228146
6.44825000973512,5.622178400221841
10.990220378641302,7.526924880399774
8.769848693034238,7.334970445230717
9.695352618501337,4.557808681582273
15.612015431416557,6.353878863860037
10.10088722153159,8.179442237117447
11.197511349215823,7.419609349680317
7.8490679664743395,7.883665234893901
8.360672010718819,3.6969554203734654
6.378473724769076,7.5266371759386805
9.546953661477684,7.97730337489802
9.562646677977558,10.062883081861642
7.381477824507853,6.476252517121703
7.517224666046677,9.837383320538525
11.706745140783617,7.75049930535031
8.811583664879699,6.228439768504103
7.613046473295195,13.200826112404307
11.96272297640221,7.394456512684887
11.814705787304092,7.619222019661188
7.228433353216916,6.45091765872235
6.999857917800641,6.296218209754156
7.0240323305244114,5.4383923856931755
8.918015090078407,7.521942569374209
12.148146517230366,7.969530288946037
7.112065398894214,12.566408621561619
11.639090114855351,7.628422322990508
10.75902698520607,7.654581778080703
12.74322693573835,10.66553857872865
8.717522007483574,12.152085001898234
12.206385866618454,8.869693382422758
6.219881777702823,5.7315691816903245
7.925935164944796,6.438776868811874
11.71688381922511,7.7471567609639465
7.113233411184618,9.89321032053189
9.129524929218576,5.652463937896501
11.453645940520069,7.802789153313151
6.74665442476225,5.62417447010144
11.941346004511969,7.902381162606779
11.120583453309452,9.896786423854913
11.936567875049786,7.564684918742936
6.203453570985589,4.432400392464144
7.529794614855327,5.623664431202324
11.539764526958992,5.965347454546474
11.153084033378253,4.841068334618724
13.603881465134474,6.743745814274346
8.38640601135933,12.069551559414922
11.543992120314376,7.994953726040224
9.674742996860909,5.163710501148004
9.858488317177157,5.025102484468532
8.284739130807115,5.89572681024233
6.288425867614632,7.789318304597114
7.325983898442107,9.753560175249191
9.844069782906022,5.385390455734332
8.16939604581509,11.03278086614188
7.948428153220248,4.469879370555207
11.784641866148542,7.870222928614066
6.813935112119566,11.501395740128467
11.57577398520693,3.777339841942386
6.42398751281409,4.652563465374385
11.363262162753726,6.511340137297812
6.280741658029778,8.663226463128224
11.563996736687734,7.411439302439202
6.968643635682687,6.371311882654959
6.731291743768709,12.07631779608729
11.725255074684771,9.557059108568973
8.398167006651152,6.386180616164443
7.127633611307633,7.715461929559779
12.70672755175683,4.258513021274514
9.401890188584575,5.132109005231621
10.147196498560348,12.368340626852548
8.867851122171235,5.668600972734735
11.645948278703083,7.686393512891909
11.662722558491895,7.758560417862293
11.97753875121206,7.891944355867172
12.308337585604308,7.841995071239653
9.006345951840027,7.7900866801281525
6.984794468613695,5.761021777676055
9.698678451418134,3.9507838567526465
7.2431942099721685,6.3025610859096615
7.260785676008614,11.81569595172365
